step 0
 4  | 2  | 0  | 6  | 6  |
-------------------------
 3  | 0  | 0  | 0  | 7  |
-------------------------
 1  | 5  | 0  | 9  | 7  |
-------------------------
 11 | 10 | 10 | 9  | 8  |
-------------------------
 11 |    |    |    | 8  |
-------------------------
 X  |    |    |    | X  |

step 1
 4  | 2  | 0  | 6  | 6  |
-------------------------
 3  | 0  | 0  | 0  | 7  |
-------------------------
 1  | 5  | 0  | 9  | 7  |
-------------------------
 11 |    |    | 9  | 8  |
-------------------------
 11 | 10 | 10 |    | 8  |
-------------------------
 X  |    |    |    | X  |

step 2
 4  | 2  | 0  | 6  | 6  |
-------------------------
 3  | 0  | 0  | 0  | 7  |
-------------------------
 1  |    | 0  | 9  | 7  |
-------------------------
 11 | 5  |    | 9  | 8  |
-------------------------
 11 | 10 | 10 |    | 8  |
-------------------------
 X  |    |    |    | X  |

step 3
 4  | 2  | 0  | 6  | 6  |
-------------------------
 3  | 0  | 0  | 0  | 7  |
-------------------------
    | 1  | 0  | 9  | 7  |
-------------------------
 11 | 5  |    | 9  | 8  |
-------------------------
 11 | 10 | 10 |    | 8  |
-------------------------
 X  |    |    |    | X  |

step 4
 4  | 2  | 0  | 6  | 6  |
-------------------------
    | 0  | 0  | 0  | 7  |
-------------------------
 3  | 1  | 0  | 9  | 7  |
-------------------------
 11 | 5  |    | 9  | 8  |
-------------------------
 11 | 10 | 10 |    | 8  |
-------------------------
 X  |    |    |    | X  |

step 5
    | 2  | 0  | 6  | 6  |
-------------------------
 4  | 0  | 0  | 0  | 7  |
-------------------------
 3  | 1  | 0  | 9  | 7  |
-------------------------
 11 | 5  |    | 9  | 8  |
-------------------------
 11 | 10 | 10 |    | 8  |
-------------------------
 X  |    |    |    | X  |

step 6
 2  |    | 0  | 6  | 6  |
-------------------------
 4  | 0  | 0  | 0  | 7  |
-------------------------
 3  | 1  | 0  | 9  | 7  |
-------------------------
 11 | 5  |    | 9  | 8  |
-------------------------
 11 | 10 | 10 |    | 8  |
-------------------------
 X  |    |    |    | X  |

step 7
 2  |    | 0  | 6  | 6  |
-------------------------
 4  | 0  | 0  | 0  | 7  |
-------------------------
 3  | 1  | 0  | 9  | 7  |
-------------------------
 11 |    | 5  | 9  | 8  |
-------------------------
 11 | 10 | 10 |    | 8  |
-------------------------
 X  |    |    |    | X  |

step 8
 2  |    | 0  | 6  | 6  |
-------------------------
 4  | 0  | 0  | 0  | 7  |
-------------------------
 3  |    | 0  | 9  | 7  |
-------------------------
 11 | 1  | 5  | 9  | 8  |
-------------------------
 11 | 10 | 10 |    | 8  |
-------------------------
 X  |    |    |    | X  |

step 9
 2  |    | 0  | 6  | 6  |
-------------------------
 4  | 0  | 0  | 0  | 7  |
-------------------------
    | 3  | 0  | 9  | 7  |
-------------------------
 11 | 1  | 5  | 9  | 8  |
-------------------------
 11 | 10 | 10 |    | 8  |
-------------------------
 X  |    |    |    | X  |

step 10
 2  |    | 0  | 6  | 6  |
-------------------------
    | 0  | 0  | 0  | 7  |
-------------------------
 4  | 3  | 0  | 9  | 7  |
-------------------------
 11 | 1  | 5  | 9  | 8  |
-------------------------
 11 | 10 | 10 |    | 8  |
-------------------------
 X  |    |    |    | X  |

step 11
 2  |    | 0  | 6  | 6  |
-------------------------
    | 0  | 0  | 0  | 7  |
-------------------------
 4  | 3  | 0  | 9  | 7  |
-------------------------
 11 | 1  | 5  | 9  | 8  |
-------------------------
 11 |    | 10 | 10 | 8  |
-------------------------
 X  |    |    |    | X  |

step 12
 2  |    | 0  | 6  | 6  |
-------------------------
    | 0  | 0  | 0  | 7  |
-------------------------
 4  | 3  | 0  | 9  | 7  |
-------------------------
 11 |    | 5  | 9  | 8  |
-------------------------
 11 | 1  | 10 | 10 | 8  |
-------------------------
 X  |    |    |    | X  |

step 13
 2  |    | 0  | 6  | 6  |
-------------------------
    | 0  | 0  | 0  | 7  |
-------------------------
 4  |    | 0  | 9  | 7  |
-------------------------
 11 | 3  | 5  | 9  | 8  |
-------------------------
 11 | 1  | 10 | 10 | 8  |
-------------------------
 X  |    |    |    | X  |

step 14
 2  |    | 0  | 6  | 6  |
-------------------------
    | 0  | 0  | 0  | 7  |
-------------------------
    | 4  | 0  | 9  | 7  |
-------------------------
 11 | 3  | 5  | 9  | 8  |
-------------------------
 11 | 1  | 10 | 10 | 8  |
-------------------------
 X  |    |    |    | X  |

step 15
 2  |    | 0  | 6  | 6  |
-------------------------
    | 0  | 0  | 0  | 7  |
-------------------------
 11 | 4  | 0  | 9  | 7  |
-------------------------
 11 | 3  | 5  | 9  | 8  |
-------------------------
    | 1  | 10 | 10 | 8  |
-------------------------
 X  |    |    |    | X  |

step 16
 2  |    | 0  | 6  | 6  |
-------------------------
    | 0  | 0  | 0  | 7  |
-------------------------
 11 | 4  | 0  | 9  | 7  |
-------------------------
 11 | 3  | 5  | 9  | 8  |
-------------------------
 1  |    | 10 | 10 | 8  |
-------------------------
 X  |    |    |    | X  |

step 17
 2  |    | 0  | 6  | 6  |
-------------------------
    | 0  | 0  | 0  | 7  |
-------------------------
 11 | 4  | 0  | 9  | 7  |
-------------------------
 11 |    | 5  | 9  | 8  |
-------------------------
 1  | 3  | 10 | 10 | 8  |
-------------------------
 X  |    |    |    | X  |

step 18
 2  |    | 0  | 6  | 6  |
-------------------------
    | 0  | 0  | 0  | 7  |
-------------------------
 11 |    | 0  | 9  | 7  |
-------------------------
 11 | 4  | 5  | 9  | 8  |
-------------------------
 1  | 3  | 10 | 10 | 8  |
-------------------------
 X  |    |    |    | X  |

step 19
 2  | 0  |    | 6  | 6  |
-------------------------
 0  | 0  | 0  |    | 7  |
-------------------------
 11 | 0  |    | 9  | 7  |
-------------------------
 11 | 4  | 5  | 9  | 8  |
-------------------------
 1  | 3  | 10 | 10 | 8  |
-------------------------
 X  |    |    |    | X  |

step 20
 2  | 0  |    | 6  | 6  |
-------------------------
 0  | 0  | 0  |    | 7  |
-------------------------
 11 | 0  | 5  | 9  | 7  |
-------------------------
 11 | 4  |    | 9  | 8  |
-------------------------
 1  | 3  | 10 | 10 | 8  |
-------------------------
 X  |    |    |    | X  |

step 21
 2  | 0  |    | 6  | 6  |
-------------------------
 0  | 0  | 0  |    | 7  |
-------------------------
 11 | 0  | 5  | 9  | 7  |
-------------------------
 11 |    | 4  | 9  | 8  |
-------------------------
 1  | 3  | 10 | 10 | 8  |
-------------------------
 X  |    |    |    | X  |

step 22
 2  | 0  |    | 6  | 6  |
-------------------------
 0  | 0  | 0  |    | 7  |
-------------------------
 11 | 0  | 5  | 9  | 7  |
-------------------------
 11 | 3  | 4  | 9  | 8  |
-------------------------
 1  |    | 10 | 10 | 8  |
-------------------------
 X  |    |    |    | X  |

step 23
 2  | 0  | 6  | 6  |    |
-------------------------
 0  | 0  | 0  |    | 7  |
-------------------------
 11 | 0  | 5  | 9  | 7  |
-------------------------
 11 | 3  | 4  | 9  | 8  |
-------------------------
 1  |    | 10 | 10 | 8  |
-------------------------
 X  |    |    |    | X  |

step 24
 2  | 0  | 6  | 6  | 7  |
-------------------------
 0  | 0  | 0  |    | 7  |
-------------------------
 11 | 0  | 5  | 9  |    |
-------------------------
 11 | 3  | 4  | 9  | 8  |
-------------------------
 1  |    | 10 | 10 | 8  |
-------------------------
 X  |    |    |    | X  |

step 25
 2  | 0  | 6  | 6  | 7  |
-------------------------
 0  | 0  | 0  |    | 7  |
-------------------------
 11 | 0  | 5  | 9  | 8  |
-------------------------
 11 | 3  | 4  | 9  | 8  |
-------------------------
 1  |    | 10 | 10 |    |
-------------------------
 X  |    |    |    | X  |

step 26
 2  | 0  | 6  | 6  | 7  |
-------------------------
 0  | 0  | 0  |    | 7  |
-------------------------
 11 | 0  | 5  | 9  | 8  |
-------------------------
 11 | 3  | 4  | 9  | 8  |
-------------------------
 1  | 10 | 10 |    |    |
-------------------------
 X  |    |    |    | X  |

step 27
 2  | 0  | 6  | 6  | 7  |
-------------------------
 0  | 0  | 0  |    | 7  |
-------------------------
 11 | 0  | 5  |    | 8  |
-------------------------
 11 | 3  | 4  | 9  | 8  |
-------------------------
 1  | 10 | 10 | 9  |    |
-------------------------
 X  |    |    |    | X  |

step 28
 2  | 0  | 6  | 6  | 7  |
-------------------------
 0  | 0  | 0  |    | 7  |
-------------------------
 11 | 0  |    | 5  | 8  |
-------------------------
 11 | 3  | 4  | 9  | 8  |
-------------------------
 1  | 10 | 10 | 9  |    |
-------------------------
 X  |    |    |    | X  |

step 29
 2  | 0  | 6  | 6  | 7  |
-------------------------
 0  | 0  | 0  | 5  | 7  |
-------------------------
 11 | 0  |    |    | 8  |
-------------------------
 11 | 3  | 4  | 9  | 8  |
-------------------------
 1  | 10 | 10 | 9  |    |
-------------------------
 X  |    |    |    | X  |

step 30
 2  | 0  | 6  | 6  | 7  |
-------------------------
 0  | 0  | 0  | 5  | 7  |
-------------------------
 11 | 0  |    | 9  | 8  |
-------------------------
 11 | 3  | 4  | 9  | 8  |
-------------------------
 1  | 10 | 10 |    |    |
-------------------------
 X  |    |    |    | X  |

step 31
 2  | 0  | 6  | 6  | 7  |
-------------------------
 0  | 0  | 0  | 5  | 7  |
-------------------------
 11 | 0  |    | 9  | 8  |
-------------------------
 11 | 3  | 4  | 9  | 8  |
-------------------------
 1  |    | 10 | 10 |    |
-------------------------
 X  |    |    |    | X  |

step 32
 2  | 0  | 6  | 6  | 7  |
-------------------------
 0  | 0  | 0  | 5  | 7  |
-------------------------
 11 | 0  |    | 9  | 8  |
-------------------------
 11 |    | 4  | 9  | 8  |
-------------------------
 1  | 3  | 10 | 10 |    |
-------------------------
 X  |    |    |    | X  |

step 33
 2  | 0  | 6  | 6  | 7  |
-------------------------
 0  | 0  | 0  | 5  | 7  |
-------------------------
 11 | 0  |    | 9  | 8  |
-------------------------
 11 |    | 4  | 9  | 8  |
-------------------------
 1  | 3  |    | 10 | 10 |
-------------------------
 X  |    |    |    | X  |

step 34
 2  | 0  | 6  | 6  | 7  |
-------------------------
 0  | 0  | 0  | 5  | 7  |
-------------------------
 11 | 0  |    | 9  | 8  |
-------------------------
 11 |    |    | 9  | 8  |
-------------------------
 1  | 3  | 4  | 10 | 10 |
-------------------------
 X  |    |    |    | X  |

step 35
 2  | 0  | 6  | 6  | 7  |
-------------------------
 0  | 0  | 0  | 5  | 7  |
-------------------------
 11 | 0  | 9  |    | 8  |
-------------------------
 11 |    | 9  |    | 8  |
-------------------------
 1  | 3  | 4  | 10 | 10 |
-------------------------
 X  |    |    |    | X  |

step 36
 2  | 0  | 6  | 6  | 7  |
-------------------------
 0  | 0  | 0  | 5  | 7  |
-------------------------
 11 | 0  | 9  | 8  |    |
-------------------------
 11 |    | 9  | 8  |    |
-------------------------
 1  | 3  | 4  | 10 | 10 |
-------------------------
 X  |    |    |    | X  |

step 37
 2  | 0  | 6  | 6  |    |
-------------------------
 0  | 0  | 0  | 5  | 7  |
-------------------------
 11 | 0  | 9  | 8  | 7  |
-------------------------
 11 |    | 9  | 8  |    |
-------------------------
 1  | 3  | 4  | 10 | 10 |
-------------------------
 X  |    |    |    | X  |

step 38
 2  | 0  | 6  | 6  |    |
-------------------------
 0  | 0  | 0  | 5  |    |
-------------------------
 11 | 0  | 9  | 8  | 7  |
-------------------------
 11 |    | 9  | 8  | 7  |
-------------------------
 1  | 3  | 4  | 10 | 10 |
-------------------------
 X  |    |    |    | X  |

step 39
 2  | 0  | 6  | 6  |    |
-------------------------
 0  | 0  | 0  |    | 5  |
-------------------------
 11 | 0  | 9  | 8  | 7  |
-------------------------
 11 |    | 9  | 8  | 7  |
-------------------------
 1  | 3  | 4  | 10 | 10 |
-------------------------
 X  |    |    |    | X  |

step 40
 2  | 0  | 6  | 6  | 5  |
-------------------------
 0  | 0  | 0  |    |    |
-------------------------
 11 | 0  | 9  | 8  | 7  |
-------------------------
 11 |    | 9  | 8  | 7  |
-------------------------
 1  | 3  | 4  | 10 | 10 |
-------------------------
 X  |    |    |    | X  |

step 41
 2  | 0  | 6  | 6  | 5  |
-------------------------
 0  | 0  | 0  |    | 7  |
-------------------------
 11 | 0  | 9  | 8  | 7  |
-------------------------
 11 |    | 9  | 8  |    |
-------------------------
 1  | 3  | 4  | 10 | 10 |
-------------------------
 X  |    |    |    | X  |

step 42
 2  | 0  | 6  | 6  | 5  |
-------------------------
 0  | 0  | 0  | 8  | 7  |
-------------------------
 11 | 0  | 9  | 8  | 7  |
-------------------------
 11 |    | 9  |    |    |
-------------------------
 1  | 3  | 4  | 10 | 10 |
-------------------------
 X  |    |    |    | X  |

step 43
 2  | 0  | 6  | 6  | 5  |
-------------------------
 0  | 0  | 0  | 8  | 7  |
-------------------------
 11 | 0  | 9  | 8  | 7  |
-------------------------
 11 |    | 9  | 10 | 10 |
-------------------------
 1  | 3  | 4  |    |    |
-------------------------
 X  |    |    |    | X  |

step 44
 2  | 0  | 6  | 6  | 5  |
-------------------------
 0  | 0  | 0  | 8  | 7  |
-------------------------
 11 | 0  | 9  | 8  | 7  |
-------------------------
 11 |    | 9  | 10 | 10 |
-------------------------
 1  | 3  |    | 4  |    |
-------------------------
 X  |    |    |    | X  |

step 45
 2  | 0  | 6  | 6  | 5  |
-------------------------
 0  | 0  | 0  | 8  | 7  |
-------------------------
 11 | 0  | 9  | 8  | 7  |
-------------------------
 11 |    | 9  | 10 | 10 |
-------------------------
 1  |    | 3  | 4  |    |
-------------------------
 X  |    |    |    | X  |

step 46
 2  | 0  | 6  | 6  | 5  |
-------------------------
 0  | 0  | 0  | 8  | 7  |
-------------------------
 11 | 0  | 9  | 8  | 7  |
-------------------------
 11 |    | 9  | 10 | 10 |
-------------------------
 1  |    | 3  |    | 4  |
-------------------------
 X  |    |    |    | X  |

step 47
 2  | 0  | 6  | 6  | 5  |
-------------------------
 0  | 0  | 0  | 8  | 7  |
-------------------------
 11 | 0  | 9  | 8  | 7  |
-------------------------
 11 |    | 9  | 10 | 10 |
-------------------------
 1  |    |    | 3  | 4  |
-------------------------
 X  |    |    |    | X  |

step 48
 2  | 0  | 6  | 6  | 5  |
-------------------------
 0  | 0  | 0  | 8  | 7  |
-------------------------
 11 | 0  |    | 8  | 7  |
-------------------------
 11 |    | 9  | 10 | 10 |
-------------------------
 1  |    | 9  | 3  | 4  |
-------------------------
 X  |    |    |    | X  |

step 49
 2  | 0  | 6  | 6  | 5  |
-------------------------
 0  | 0  | 0  | 8  | 7  |
-------------------------
 11 | 0  |    | 8  | 7  |
-------------------------
 11 | 9  |    | 10 | 10 |
-------------------------
 1  | 9  |    | 3  | 4  |
-------------------------
 X  |    |    |    | X  |

step 50
 2  | 0  | 6  | 6  | 5  |
-------------------------
 0  | 0  | 0  | 8  | 7  |
-------------------------
 11 | 0  |    | 8  | 7  |
-------------------------
 11 | 9  |    | 10 | 10 |
-------------------------
 1  | 9  | 3  |    | 4  |
-------------------------
 X  |    |    |    | X  |

step 51
 2  | 0  | 6  | 6  | 5  |
-------------------------
 0  | 0  | 0  | 8  | 7  |
-------------------------
 11 | 0  |    | 8  | 7  |
-------------------------
 11 | 9  |    | 10 | 10 |
-------------------------
 1  | 9  | 3  | 4  |    |
-------------------------
 X  |    |    |    | X  |

step 52
 2  | 0  | 6  | 6  | 5  |
-------------------------
 0  | 0  | 0  | 8  | 7  |
-------------------------
 11 | 0  |    | 8  | 7  |
-------------------------
 11 | 9  | 10 | 10 |    |
-------------------------
 1  | 9  | 3  | 4  |    |
-------------------------
 X  |    |    |    | X  |

step 53
 2  | 0  | 6  | 6  | 5  |
-------------------------
 0  | 0  | 0  | 8  |    |
-------------------------
 11 | 0  |    | 8  | 7  |
-------------------------
 11 | 9  | 10 | 10 | 7  |
-------------------------
 1  | 9  | 3  | 4  |    |
-------------------------
 X  |    |    |    | X  |

step 54
 2  | 0  | 6  | 6  | 5  |
-------------------------
 0  | 0  | 0  | 8  |    |
-------------------------
 11 | 0  |    | 8  |    |
-------------------------
 11 | 9  | 10 | 10 | 7  |
-------------------------
 1  | 9  | 3  | 4  | 7  |
-------------------------
 X  |    |    |    | X  |

step 55
 2  | 0  | 6  | 6  | 5  |
-------------------------
 0  | 0  | 0  |    | 8  |
-------------------------
 11 | 0  |    |    | 8  |
-------------------------
 11 | 9  | 10 | 10 | 7  |
-------------------------
 1  | 9  | 3  | 4  | 7  |
-------------------------
 X  |    |    |    | X  |

step 56
 2  | 0  | 6  | 6  | 5  |
-------------------------
 0  | 0  | 0  |    | 8  |
-------------------------
 11 | 0  | 10 | 10 | 8  |
-------------------------
 11 | 9  |    |    | 7  |
-------------------------
 1  | 9  | 3  | 4  | 7  |
-------------------------
 X  |    |    |    | X  |

step 57
 2  | 0  | 6  | 6  | 5  |
-------------------------
 0  | 0  | 0  |    | 8  |
-------------------------
 11 | 0  | 10 | 10 | 8  |
-------------------------
 11 | 9  | 3  |    | 7  |
-------------------------
 1  | 9  |    | 4  | 7  |
-------------------------
 X  |    |    |    | X  |

step 58
 2  | 0  | 6  | 6  | 5  |
-------------------------
 0  | 0  | 0  |    | 8  |
-------------------------
 11 | 0  | 10 | 10 | 8  |
-------------------------
 11 | 9  | 3  |    | 7  |
-------------------------
 1  | 9  | 4  |    | 7  |
-------------------------
 X  |    |    |    | X  |

step 59
 2  | 0  | 6  | 6  | 5  |
-------------------------
 0  | 0  | 0  |    | 8  |
-------------------------
 11 | 0  | 10 | 10 | 8  |
-------------------------
 11 | 9  | 3  | 7  |    |
-------------------------
 1  | 9  | 4  | 7  |    |
-------------------------
 X  |    |    |    | X  |

step 60
 2  | 0  | 6  | 6  | 5  |
-------------------------
 0  | 0  | 0  |    |    |
-------------------------
 11 | 0  | 10 | 10 | 8  |
-------------------------
 11 | 9  | 3  | 7  | 8  |
-------------------------
 1  | 9  | 4  | 7  |    |
-------------------------
 X  |    |    |    | X  |

step 61
 2  | 0  | 6  | 6  | 5  |
-------------------------
 0  | 0  | 0  |    |    |
-------------------------
 11 | 0  | 10 | 10 |    |
-------------------------
 11 | 9  | 3  | 7  | 8  |
-------------------------
 1  | 9  | 4  | 7  | 8  |
-------------------------
 X  |    |    |    | X  |

step 62
 2  | 0  | 6  | 6  | 5  |
-------------------------
 0  | 0  | 0  |    |    |
-------------------------
 11 | 0  |    | 10 | 10 |
-------------------------
 11 | 9  | 3  | 7  | 8  |
-------------------------
 1  | 9  | 4  | 7  | 8  |
-------------------------
 X  |    |    |    | X  |

step 63
 2  | 0  | 6  | 6  | 5  |
-------------------------
 0  | 0  | 0  |    |    |
-------------------------
 11 | 0  | 3  | 10 | 10 |
-------------------------
 11 | 9  |    | 7  | 8  |
-------------------------
 1  | 9  | 4  | 7  | 8  |
-------------------------
 X  |    |    |    | X  |

step 64
 2  | 0  | 6  | 6  | 5  |
-------------------------
 0  | 0  | 0  | 10 | 10 |
-------------------------
 11 | 0  | 3  |    |    |
-------------------------
 11 | 9  |    | 7  | 8  |
-------------------------
 1  | 9  | 4  | 7  | 8  |
-------------------------
 X  |    |    |    | X  |

step 65
 2  | 0  | 6  | 6  | 5  |
-------------------------
 0  | 0  | 0  | 10 | 10 |
-------------------------
 11 | 0  |    | 3  |    |
-------------------------
 11 | 9  |    | 7  | 8  |
-------------------------
 1  | 9  | 4  | 7  | 8  |
-------------------------
 X  |    |    |    | X  |

step 66
 2  | 0  | 6  | 6  | 5  |
-------------------------
 0  | 0  | 0  | 10 | 10 |
-------------------------
 11 | 0  |    |    | 3  |
-------------------------
 11 | 9  |    | 7  | 8  |
-------------------------
 1  | 9  | 4  | 7  | 8  |
-------------------------
 X  |    |    |    | X  |

step 67
 2  | 0  | 6  | 6  | 5  |
-------------------------
 0  | 0  | 0  | 10 | 10 |
-------------------------
 11 | 0  |    | 7  | 3  |
-------------------------
 11 | 9  |    | 7  | 8  |
-------------------------
 1  | 9  | 4  |    | 8  |
-------------------------
 X  |    |    |    | X  |

step 68
 2  | 0  | 6  | 6  | 5  |
-------------------------
 0  | 0  | 0  | 10 | 10 |
-------------------------
 11 | 0  |    | 7  | 3  |
-------------------------
 11 | 9  |    | 7  | 8  |
-------------------------
 1  | 9  |    | 4  | 8  |
-------------------------
 X  |    |    |    | X  |

step 69
 2  | 0  | 6  | 6  | 5  |
-------------------------
 0  | 0  | 0  | 10 | 10 |
-------------------------
 11 | 0  |    | 7  | 3  |
-------------------------
 11 |    | 9  | 7  | 8  |
-------------------------
 1  |    | 9  | 4  | 8  |
-------------------------
 X  |    |    |    | X  |

step 70
 2  | 0  | 6  | 6  | 5  |
-------------------------
 0  | 0  | 0  | 10 | 10 |
-------------------------
 11 | 0  |    | 7  | 3  |
-------------------------
 11 |    | 9  | 7  | 8  |
-------------------------
    | 1  | 9  | 4  | 8  |
-------------------------
 X  |    |    |    | X  |

step 71
 2  | 0  | 6  | 6  | 5  |
-------------------------
 0  | 0  | 0  | 10 | 10 |
-------------------------
    | 0  |    | 7  | 3  |
-------------------------
 11 |    | 9  | 7  | 8  |
-------------------------
 11 | 1  | 9  | 4  | 8  |
-------------------------
 X  |    |    |    | X  |

step 72
 2  |    | 6  | 6  | 5  |
-------------------------
    | 0  |    | 10 | 10 |
-------------------------
 0  | 0  | 0  | 7  | 3  |
-------------------------
 11 | 0  | 9  | 7  | 8  |
-------------------------
 11 | 1  | 9  | 4  | 8  |
-------------------------
 X  |    |    |    | X  |

step 73
    |    | 6  | 6  | 5  |
-------------------------
 2  | 0  |    | 10 | 10 |
-------------------------
 0  | 0  | 0  | 7  | 3  |
-------------------------
 11 | 0  | 9  | 7  | 8  |
-------------------------
 11 | 1  | 9  | 4  | 8  |
-------------------------
 X  |    |    |    | X  |

step 74
    | 6  | 6  |    | 5  |
-------------------------
 2  | 0  |    | 10 | 10 |
-------------------------
 0  | 0  | 0  | 7  | 3  |
-------------------------
 11 | 0  | 9  | 7  | 8  |
-------------------------
 11 | 1  | 9  | 4  | 8  |
-------------------------
 X  |    |    |    | X  |

step 75
    | 6  | 6  | 5  |    |
-------------------------
 2  | 0  |    | 10 | 10 |
-------------------------
 0  | 0  | 0  | 7  | 3  |
-------------------------
 11 | 0  | 9  | 7  | 8  |
-------------------------
 11 | 1  | 9  | 4  | 8  |
-------------------------
 X  |    |    |    | X  |

step 76
 6  | 6  |    | 5  |    |
-------------------------
 2  | 0  |    | 10 | 10 |
-------------------------
 0  | 0  | 0  | 7  | 3  |
-------------------------
 11 | 0  | 9  | 7  | 8  |
-------------------------
 11 | 1  | 9  | 4  | 8  |
-------------------------
 X  |    |    |    | X  |

step 77
 6  | 6  | 5  |    |    |
-------------------------
 2  | 0  |    | 10 | 10 |
-------------------------
 0  | 0  | 0  | 7  | 3  |
-------------------------
 11 | 0  | 9  | 7  | 8  |
-------------------------
 11 | 1  | 9  | 4  | 8  |
-------------------------
 X  |    |    |    | X  |

step 78
 6  | 6  |    |    |    |
-------------------------
 2  | 0  | 5  | 10 | 10 |
-------------------------
 0  | 0  | 0  | 7  | 3  |
-------------------------
 11 | 0  | 9  | 7  | 8  |
-------------------------
 11 | 1  | 9  | 4  | 8  |
-------------------------
 X  |    |    |    | X  |

step 79
 6  | 6  |    | 10 | 10 |
-------------------------
 2  | 0  | 5  |    |    |
-------------------------
 0  | 0  | 0  | 7  | 3  |
-------------------------
 11 | 0  | 9  | 7  | 8  |
-------------------------
 11 | 1  | 9  | 4  | 8  |
-------------------------
 X  |    |    |    | X  |

step 80
 6  | 6  |    | 10 | 10 |
-------------------------
 2  | 0  | 5  |    | 3  |
-------------------------
 0  | 0  | 0  | 7  |    |
-------------------------
 11 | 0  | 9  | 7  | 8  |
-------------------------
 11 | 1  | 9  | 4  | 8  |
-------------------------
 X  |    |    |    | X  |

step 81
 6  | 6  |    | 10 | 10 |
-------------------------
 2  | 0  | 5  | 3  |    |
-------------------------
 0  | 0  | 0  | 7  |    |
-------------------------
 11 | 0  | 9  | 7  | 8  |
-------------------------
 11 | 1  | 9  | 4  | 8  |
-------------------------
 X  |    |    |    | X  |

step 82
 6  | 6  |    | 10 | 10 |
-------------------------
 2  | 0  | 5  | 3  |    |
-------------------------
 0  | 0  | 0  | 7  | 8  |
-------------------------
 11 | 0  | 9  | 7  | 8  |
-------------------------
 11 | 1  | 9  | 4  |    |
-------------------------
 X  |    |    |    | X  |

step 83
 6  | 6  |    | 10 | 10 |
-------------------------
 2  | 0  | 5  | 3  |    |
-------------------------
 0  | 0  | 0  | 7  | 8  |
-------------------------
 11 | 0  | 9  | 7  | 8  |
-------------------------
 11 | 1  | 9  |    | 4  |
-------------------------
 X  |    |    |    | X  |

step 84
 6  | 6  |    | 10 | 10 |
-------------------------
 2  | 0  | 5  | 3  | 8  |
-------------------------
 0  | 0  | 0  | 7  | 8  |
-------------------------
 11 | 0  | 9  | 7  |    |
-------------------------
 11 | 1  | 9  |    | 4  |
-------------------------
 X  |    |    |    | X  |

step 85
 6  | 6  | 10 | 10 |    |
-------------------------
 2  | 0  | 5  | 3  | 8  |
-------------------------
 0  | 0  | 0  | 7  | 8  |
-------------------------
 11 | 0  | 9  | 7  |    |
-------------------------
 11 | 1  | 9  |    | 4  |
-------------------------
 X  |    |    |    | X  |

step 86
 6  | 6  | 10 | 10 | 8  |
-------------------------
 2  | 0  | 5  | 3  | 8  |
-------------------------
 0  | 0  | 0  | 7  |    |
-------------------------
 11 | 0  | 9  | 7  |    |
-------------------------
 11 | 1  | 9  |    | 4  |
-------------------------
 X  |    |    |    | X  |

step 87
 6  | 6  | 10 | 10 | 8  |
-------------------------
 2  | 0  | 5  | 3  | 8  |
-------------------------
 0  | 0  | 0  |    | 7  |
-------------------------
 11 | 0  | 9  |    | 7  |
-------------------------
 11 | 1  | 9  |    | 4  |
-------------------------
 X  |    |    |    | X  |

step 88
 6  | 6  | 10 | 10 | 8  |
-------------------------
 2  | 0  | 5  | 3  | 8  |
-------------------------
 0  | 0  | 0  |    | 7  |
-------------------------
 11 | 0  |    | 9  | 7  |
-------------------------
 11 | 1  |    | 9  | 4  |
-------------------------
 X  |    |    |    | X  |

step 89
 6  | 6  | 10 | 10 | 8  |
-------------------------
 2  | 0  | 5  | 3  | 8  |
-------------------------
 0  | 0  | 0  | 9  | 7  |
-------------------------
 11 | 0  |    | 9  | 7  |
-------------------------
 11 | 1  |    |    | 4  |
-------------------------
 X  |    |    |    | X  |

step 90
 6  | 6  | 10 | 10 | 8  |
-------------------------
 2  | 0  | 5  | 3  | 8  |
-------------------------
 0  | 0  | 0  | 9  | 7  |
-------------------------
 11 | 0  |    | 9  | 7  |
-------------------------
 11 | 1  |    | 4  |    |
-------------------------
 X  |    |    |    | X  |

step 91
 6  | 6  | 10 | 10 | 8  |
-------------------------
 2  | 0  | 5  | 3  | 8  |
-------------------------
 0  | 0  | 0  | 9  | 7  |
-------------------------
 11 | 0  |    | 9  | 7  |
-------------------------
 11 | 1  | 4  |    |    |
-------------------------
 X  |    |    |    | X  |

step 92
 6  | 6  | 10 | 10 | 8  |
-------------------------
 2  | 0  | 5  | 3  | 8  |
-------------------------
 0  | 0  | 0  | 9  |    |
-------------------------
 11 | 0  |    | 9  | 7  |
-------------------------
 11 | 1  | 4  |    | 7  |
-------------------------
 X  |    |    |    | X  |

step 93
 6  | 6  | 10 | 10 | 8  |
-------------------------
 2  | 0  | 5  | 3  | 8  |
-------------------------
 0  | 0  | 0  |    |    |
-------------------------
 11 | 0  |    | 9  | 7  |
-------------------------
 11 | 1  | 4  | 9  | 7  |
-------------------------
 X  |    |    |    | X  |

step 94
 6  | 6  | 10 | 10 | 8  |
-------------------------
 2  | 0  | 5  |    | 8  |
-------------------------
 0  | 0  | 0  | 3  |    |
-------------------------
 11 | 0  |    | 9  | 7  |
-------------------------
 11 | 1  | 4  | 9  | 7  |
-------------------------
 X  |    |    |    | X  |

step 95
 6  | 6  | 10 | 10 | 8  |
-------------------------
 2  | 0  | 5  |    | 8  |
-------------------------
 0  | 0  | 0  |    | 3  |
-------------------------
 11 | 0  |    | 9  | 7  |
-------------------------
 11 | 1  | 4  | 9  | 7  |
-------------------------
 X  |    |    |    | X  |

step 96
 6  | 6  | 10 | 10 | 8  |
-------------------------
 2  | 0  |    | 5  | 8  |
-------------------------
 0  | 0  | 0  |    | 3  |
-------------------------
 11 | 0  |    | 9  | 7  |
-------------------------
 11 | 1  | 4  | 9  | 7  |
-------------------------
 X  |    |    |    | X  |

step 97
 6  | 6  | 10 | 10 | 8  |
-------------------------
 2  |    | 0  | 5  | 8  |
-------------------------
    | 0  | 0  | 0  | 3  |
-------------------------
 11 |    | 0  | 9  | 7  |
-------------------------
 11 | 1  | 4  | 9  | 7  |
-------------------------
 X  |    |    |    | X  |

step 98
 6  | 6  | 10 | 10 | 8  |
-------------------------
    |    | 0  | 5  | 8  |
-------------------------
 2  | 0  | 0  | 0  | 3  |
-------------------------
 11 |    | 0  | 9  | 7  |
-------------------------
 11 | 1  | 4  | 9  | 7  |
-------------------------
 X  |    |    |    | X  |

step 99
    |    | 10 | 10 | 8  |
-------------------------
 6  | 6  | 0  | 5  | 8  |
-------------------------
 2  | 0  | 0  | 0  | 3  |
-------------------------
 11 |    | 0  | 9  | 7  |
-------------------------
 11 | 1  | 4  | 9  | 7  |
-------------------------
 X  |    |    |    | X  |

step 100
    | 10 | 10 |    | 8  |
-------------------------
 6  | 6  | 0  | 5  | 8  |
-------------------------
 2  | 0  | 0  | 0  | 3  |
-------------------------
 11 |    | 0  | 9  | 7  |
-------------------------
 11 | 1  | 4  | 9  | 7  |
-------------------------
 X  |    |    |    | X  |

step 101
    | 10 | 10 | 5  | 8  |
-------------------------
 6  | 6  | 0  |    | 8  |
-------------------------
 2  | 0  | 0  | 0  | 3  |
-------------------------
 11 |    | 0  | 9  | 7  |
-------------------------
 11 | 1  | 4  | 9  | 7  |
-------------------------
 X  |    |    |    | X  |

step 102
 10 | 10 |    | 5  | 8  |
-------------------------
 6  | 6  | 0  |    | 8  |
-------------------------
 2  | 0  | 0  | 0  | 3  |
-------------------------
 11 |    | 0  | 9  | 7  |
-------------------------
 11 | 1  | 4  | 9  | 7  |
-------------------------
 X  |    |    |    | X  |

step 103
 10 | 10 | 5  |    | 8  |
-------------------------
 6  | 6  | 0  |    | 8  |
-------------------------
 2  | 0  | 0  | 0  | 3  |
-------------------------
 11 |    | 0  | 9  | 7  |
-------------------------
 11 | 1  | 4  | 9  | 7  |
-------------------------
 X  |    |    |    | X  |

step 104
 10 | 10 | 5  | 8  |    |
-------------------------
 6  | 6  | 0  | 8  |    |
-------------------------
 2  | 0  | 0  | 0  | 3  |
-------------------------
 11 |    | 0  | 9  | 7  |
-------------------------
 11 | 1  | 4  | 9  | 7  |
-------------------------
 X  |    |    |    | X  |

step 105
 10 | 10 | 5  | 8  |    |
-------------------------
 6  | 6  | 0  | 8  | 3  |
-------------------------
 2  | 0  | 0  | 0  |    |
-------------------------
 11 |    | 0  | 9  | 7  |
-------------------------
 11 | 1  | 4  | 9  | 7  |
-------------------------
 X  |    |    |    | X  |

step 106
 10 | 10 | 5  | 8  | 3  |
-------------------------
 6  | 6  | 0  | 8  |    |
-------------------------
 2  | 0  | 0  | 0  |    |
-------------------------
 11 |    | 0  | 9  | 7  |
-------------------------
 11 | 1  | 4  | 9  | 7  |
-------------------------
 X  |    |    |    | X  |

step 107
 10 | 10 | 5  | 8  | 3  |
-------------------------
 6  | 6  | 0  | 8  |    |
-------------------------
 2  | 0  | 0  | 0  | 7  |
-------------------------
 11 |    | 0  | 9  | 7  |
-------------------------
 11 | 1  | 4  | 9  |    |
-------------------------
 X  |    |    |    | X  |

step 108
 10 | 10 | 5  | 8  | 3  |
-------------------------
 6  | 6  | 0  | 8  | 7  |
-------------------------
 2  | 0  | 0  | 0  | 7  |
-------------------------
 11 |    | 0  | 9  |    |
-------------------------
 11 | 1  | 4  | 9  |    |
-------------------------
 X  |    |    |    | X  |

step 109
 10 | 10 | 5  | 8  | 3  |
-------------------------
 6  | 6  | 0  | 8  | 7  |
-------------------------
 2  | 0  | 0  | 0  | 7  |
-------------------------
 11 |    | 0  |    | 9  |
-------------------------
 11 | 1  | 4  |    | 9  |
-------------------------
 X  |    |    |    | X  |

step 110
 10 | 10 | 5  | 8  | 3  |
-------------------------
 6  | 6  | 0  | 8  | 7  |
-------------------------
 2  | 0  | 0  | 0  | 7  |
-------------------------
 11 |    | 0  |    | 9  |
-------------------------
 11 | 1  |    | 4  | 9  |
-------------------------
 X  |    |    |    | X  |

step 111
 10 | 10 | 5  | 8  | 3  |
-------------------------
 6  | 6  |    | 8  | 7  |
-------------------------
 2  |    | 0  |    | 7  |
-------------------------
 11 | 0  | 0  | 0  | 9  |
-------------------------
 11 | 1  | 0  | 4  | 9  |
-------------------------
 X  |    |    |    | X  |

step 112
 10 | 10 | 5  | 8  | 3  |
-------------------------
 6  | 6  |    | 8  | 7  |
-------------------------
    | 2  | 0  |    | 7  |
-------------------------
 11 | 0  | 0  | 0  | 9  |
-------------------------
 11 | 1  | 0  | 4  | 9  |
-------------------------
 X  |    |    |    | X  |

step 113
 10 | 10 | 5  |    | 3  |
-------------------------
 6  | 6  |    | 8  | 7  |
-------------------------
    | 2  | 0  | 8  | 7  |
-------------------------
 11 | 0  | 0  | 0  | 9  |
-------------------------
 11 | 1  | 0  | 4  | 9  |
-------------------------
 X  |    |    |    | X  |

step 114
 10 | 10 | 5  | 3  |    |
-------------------------
 6  | 6  |    | 8  | 7  |
-------------------------
    | 2  | 0  | 8  | 7  |
-------------------------
 11 | 0  | 0  | 0  | 9  |
-------------------------
 11 | 1  | 0  | 4  | 9  |
-------------------------
 X  |    |    |    | X  |

step 115
 10 | 10 | 5  | 3  | 7  |
-------------------------
 6  | 6  |    | 8  | 7  |
-------------------------
    | 2  | 0  | 8  |    |
-------------------------
 11 | 0  | 0  | 0  | 9  |
-------------------------
 11 | 1  | 0  | 4  | 9  |
-------------------------
 X  |    |    |    | X  |

step 116
 10 | 10 | 5  | 3  | 7  |
-------------------------
 6  | 6  |    | 8  | 7  |
-------------------------
    | 2  | 0  | 8  | 9  |
-------------------------
 11 | 0  | 0  | 0  | 9  |
-------------------------
 11 | 1  | 0  | 4  |    |
-------------------------
 X  |    |    |    | X  |

step 117
 10 | 10 | 5  | 3  | 7  |
-------------------------
 6  | 6  |    | 8  | 7  |
-------------------------
    | 2  | 0  | 8  | 9  |
-------------------------
 11 | 0  | 0  | 0  | 9  |
-------------------------
 11 | 1  | 0  |    | 4  |
-------------------------
 X  |    |    |    | X  |

step 118
 10 | 10 | 5  | 3  | 7  |
-------------------------
 6  | 6  |    | 8  | 7  |
-------------------------
 11 | 2  | 0  | 8  | 9  |
-------------------------
 11 | 0  | 0  | 0  | 9  |
-------------------------
    | 1  | 0  |    | 4  |
-------------------------
 X  |    |    |    | X  |

step 119
 10 | 10 | 5  | 3  | 7  |
-------------------------
 6  | 6  |    | 8  | 7  |
-------------------------
 11 | 2  | 0  | 8  | 9  |
-------------------------
 11 | 0  | 0  | 0  | 9  |
-------------------------
 1  |    | 0  |    | 4  |
-------------------------
 X  |    |    |    | X  |

step 120
 10 | 10 | 5  | 3  | 7  |
-------------------------
 6  | 6  |    | 8  | 7  |
-------------------------
 11 | 2  |    | 8  | 9  |
-------------------------
 11 |    | 0  |    | 9  |
-------------------------
 1  | 0  | 0  | 0  | 4  |
-------------------------
 X  |    | 0  |    | X  |

